815.00, 819.00, 814.00, 823.00
815.00, 819.00, 814.00, 823.00
815.00, 819.00, 814.00, 823.00
815.00, 819.00, 814.00, 823.00
815.00, 819.00, 814.00, 823.00
815.00, 820.00, 814.00, 823.00
815.00, 820.00, 814.00, 823.00
815.00, 820.00, 814.00, 823.00
815.00, 820.00, 814.00, 823.00
815.00, 819.00, 814.00, 823.00
815.00, 819.00, 814.00, 823.00
815.00, 819.00, 814.00, 823.00
815.00, 819.00, 814.00, 823.00
815.00, 819.00, 814.00, 823.00
815.00, 819.00, 814.00, 823.00
815.00, 819.00, 814.00, 143.00
815.00, 819.00, 814.00, 143.00
815.00, 819.00, 814.00, 143.00
815.00, 819.00, 814.00, 143.00
815.00, 819.00, 814.00, 103.00
815.00, 819.00, 814.00, 103.00
815.00, 819.00, 814.00, 103.00
815.00, 819.00, 814.00, 103.00
815.00, 819.00, 814.00, 301.00
812.00, 819.00, 814.00, 301.00
812.00, 819.00, 814.00, 301.00
812.00, 819.00, 814.00, 301.00
812.00, 819.00, 814.00, 823.00
815.00, 819.00, 814.00, 823.00
815.00, 819.00, 814.00, 823.00
815.00, 819.00, 814.00, 823.00
815.00, 819.00, 814.00, 823.00
815.00, 819.00, 814.00, 823.00
815.00, 819.00, 814.00, 823.00
815.00, 819.00, 534.00, 823.00
815.00, 819.00, 534.00, 823.00
811.00, 819.00, 534.00, 823.00
811.00, 819.00, 534.00, 823.00
811.00, 819.00, 814.00, 823.00
811.00, 819.00, 814.00, 270.00
203.00, 819.00, 814.00, 270.00
203.00, 249.00, 814.00, 270.00
203.00, 249.00, 182.00, 270.00
203.00, 249.00, 182.00, 398.00
205.00, 249.00, 182.00, 398.00
205.00, 246.00, 182.00, 398.00
205.00, 246.00, 576.00, 398.00
205.00, 246.00, 576.00, 822.00
385.00, 246.00, 576.00, 822.00
385.00, 819.00, 576.00, 822.00
385.00, 819.00, 811.00, 822.00
385.00, 819.00, 811.00, 823.00
811.00, 819.00, 811.00, 823.00
811.00, 819.00, 811.00, 823.00
811.00, 819.00, 814.00, 823.00
811.00, 819.00, 814.00, 823.00
811.00, 819.00, 814.00, 823.00
811.00, 819.00, 814.00, 823.00
811.00, 819.00, 811.00, 823.00
811.00, 819.00, 811.00, 823.00
811.00, 819.00, 811.00, 823.00
811.00, 819.00, 811.00, 823.00
811.00, 819.00, 811.00, 823.00
811.00, 819.00, 811.00, 823.00
811.00, 819.00, 811.00, 823.00
811.00, 819.00, 811.00, 823.00
811.00, 819.00, 814.00, 823.00
811.00, 819.00, 814.00, 823.00
811.00, 819.00, 814.00, 823.00
811.00, 819.00, 814.00, 823.00
811.00, 819.00, 814.00, 823.00
811.00, 819.00, 814.00, 823.00
811.00, 819.00, 814.00, 823.00
811.00, 819.00, 814.00, 823.00
811.00, 819.00, 814.00, 823.00
811.00, 819.00, 814.00, 823.00
811.00, 819.00, 814.00, 823.00
811.00, 819.00, 814.00, 823.00
811.00, 819.00, 814.00, 823.00
811.00, 819.00, 814.00, 823.00
814.00, 819.00, 814.00, 823.00
814.00, 819.00, 814.00, 823.00
814.00, 819.00, 814.00, 823.00
814.00, 819.00, 814.00, 823.00
811.00, 819.00, 814.00, 823.00
811.00, 819.00, 814.00, 823.00
811.00, 819.00, 814.00, 823.00
811.00, 819.00, 814.00, 823.00
812.00, 819.00, 814.00, 823.00
812.00, 524.00, 814.00, 823.00
812.00, 524.00, 646.00, 823.00
812.00, 524.00, 646.00, 823.00
811.00, 524.00, 646.00, 823.00
811.00, 819.00, 646.00, 823.00
811.00, 819.00, 814.00, 823.00
811.00, 819.00, 814.00, 823.00
812.00, 819.00, 814.00, 823.00
